  0.0500000007  1.31651893E-06  1.75486603E-09
  0.0509039536  1.36464234E-06  1.87535365E-09
  0.0518242493  1.41453131E-06  2.00483474E-09
  0.0527611859  1.46624984E-06  2.14399587E-09
  0.0537150577  1.51985648E-06  2.29356156E-09
  0.0546861775  1.57542888E-06  2.45433229E-09
  0.0556748509  1.63303423E-06  2.62715316E-09
  0.056681402  1.6927512E-06  2.81294588E-09
  0.0577061549  1.75465698E-06  3.01266945E-09
  0.0587494262  1.81882649E-06  3.22740612E-09
  0.0598115623  1.88535205E-06  3.45828988E-09
  0.0608928986  1.95431312E-06  3.70656017E-09
  0.0619937852  2.02579986E-06  3.97370314E-09
  0.063114576  2.09991072E-06  4.26075131E-09
  0.0642556325  2.17673414E-06  4.5686015E-09
  0.0654173121  2.25637564E-06  4.89943996E-09
  0.0665999949  2.33893661E-06  5.25496979E-09
  0.0678040609  2.42452074E-06  5.63701796E-09
  0.0690298975  2.51324809E-06  6.0475438E-09
  0.0702778921  2.60522665E-06  6.48871579E-09
  0.0715484545  2.70058558E-06  6.96267621E-09
  0.072841987  2.79943742E-06  7.47206208E-09
  0.0741588995  2.9019136E-06  8.01939493E-09
  0.075499624  3.00815327E-06  8.60749072E-09
  0.0768645927  3.1182858E-06  9.23935506E-09
  0.0782542303  3.23247241E-06  9.9182671E-09
  0.0796689913  3.35084042E-06  1.06477982E-08
  0.0811093375  3.47355717E-06  1.14315997E-08
  0.0825757235  3.60077706E-06  1.22736212E-08
  0.0840686187  3.73267812E-06  1.31774778E-08
  0.0855884999  3.86942202E-06  1.41484291E-08
  0.0871358588  4.01118268E-06  1.51917199E-08
  0.0887111947  4.15816203E-06  1.63125033E-08
  0.0903150067  4.31053286E-06  1.75164629E-08
  0.0919478238  4.468508E-06  1.8809942E-08
  0.0936101601  4.63228298E-06  2.01992929E-08
  0.0953025445  4.80208746E-06  2.16919389E-08
  0.0970255211  4.97812425E-06  2.32947173E-08
  0.098779656  5.16064983E-06  2.50165471E-08
  0.100565493  5.34989113E-06  2.68659424E-08
  0.102383628  5.54607823E-06  2.88523587E-08
  0.104234636  5.74948353E-06  3.09857313E-08
  0.106119096  5.96038717E-06  3.32768302E-08
  0.108037643  6.1790447E-06  3.5737262E-08
  0.109990858  6.40575809E-06  3.83798664E-08
  0.111979388  6.64080699E-06  4.12173833E-08
  0.114003874  6.88452246E-06  4.42641124E-08
  0.116064958  7.13722284E-06  4.75356359E-08
  0.118163303  7.39920688E-06  5.10483069E-08
  0.120299593  7.67086112E-06  5.48198855E-08
  0.122474492  7.95250526E-06  5.88694142E-08
  0.124688722  8.24455128E-06  6.32169375E-08
  0.126942977  8.5473539E-06  6.78816932E-08
  0.129237995  8.86130238E-06  7.2892071E-08
  0.131574497  9.1868651E-06  7.82681511E-08
  0.133953243  9.52439768E-06  8.40409626E-08
  0.136374995  9.87441399E-06  9.02374424E-08
  0.138840526  1.02373142E-05  9.68891456E-08
  0.141350642  1.06136013E-05  1.04027436E-07
  0.143906116  1.1003789E-05  1.11688479E-07
  0.146507815  1.14083687E-05  1.19912769E-07
  0.149156541  1.18278895E-05  1.28736829E-07
  0.151853159  1.22629253E-05  1.38207398E-07
  0.154598519  1.27139574E-05  1.4836769E-07
  0.157393515  1.31817023E-05  1.59268907E-07
  0.160239041  1.36666868E-05  1.70968434E-07
  0.16313602  1.41695828E-05  1.83520626E-07
  0.166085377  1.46910934E-05  1.96988324E-07
  0.169088051  1.52318044E-05  2.11435761E-07
  0.172144994  1.5792557E-05  2.26934873E-07
  0.175257221  1.63739533E-05  2.43561999E-07
  0.178425714  1.69768809E-05  2.61395627E-07
  0.181651488  1.76020967E-05  2.80525086E-07
  0.18493557  1.82503536E-05  3.01043372E-07
  0.188279033  1.89226284E-05  3.23049818E-07
  0.19168295  1.9619727E-05  3.46652826E-07
  0.195148394  2.0342577E-05  3.71964148E-07
  0.198676512  2.10921571E-05  3.99106256E-07
  0.202268392  2.18694113E-05  4.28218527E-07
  0.205925226  2.26753691E-05  4.59406067E-07
  0.209648162  2.35111147E-05  4.9287587E-07
  0.213438392  2.4377694E-05  5.28736564E-07
  0.217297181  2.5276262E-05  5.67178972E-07
  0.221225694  2.62080885E-05  6.08385562E-07
  0.225225255  2.71742883E-05  6.5257359E-07
  0.229297116  2.81760549E-05  6.99930581E-07
  0.233442619  2.92149234E-05  7.5067976E-07
  0.237663031  3.02920907E-05  8.05070556E-07
  0.241959766  3.14088938E-05  8.63370644E-07
  0.24633418  3.25668807E-05  9.25820302E-07
  0.250787675  3.37675556E-05  9.92744276E-07
  0.255321681  3.50123992E-05  1.06444099E-06
  0.259937674  3.63030958E-05  1.14125362E-06
  0.264637083  3.76412245E-05  1.22354436E-06
  0.269421488  3.90286223E-05  1.31167678E-06
  0.27429238  4.04669408E-05  1.40610587E-06
  0.279251337  4.19579919E-05  1.50721291E-06
  0.28429994  4.3503831E-05  1.61548769E-06
  0.289439827  4.51061787E-05  1.73143474E-06
  0.294672638  4.67672544E-05  1.85557496E-06
  0.300000042  4.84890661E-05  1.98849898E-06